6258018
6258019
6258020
6258021
6258022
6258023
6258024
6258025
6258026
6258027
6258028
6258029
6258030
6258031
6258032
6258033
6258034
6258035
6258036
6258037
6258038
6258039
6258040
6258041
6258042
6258043
6258044
6258045
6258046
6258047
6258048
6258049
6258050
6258051
6258052
6258053
6258054
6258055
6258056
6258057
6258058
6258059
6258060
6258061
6258062
6258063
6258064
6258065
6258066
6258067
6258068
6258069
6258070
6258071
6258072
6258073
6258074
6258075
6258076
6258077
6258078
6258079
6258080
6258081
