6257386
6257387
6257388
6257389
6257390
6257391
6257392
6257393
6257394
6257395
6257396
6257397
6257398
6257399
6257400
6257401
6257402
6257403
6257404
6257405
6257406
6257407
6257408
6257409
6257410
6257411
6257412
6257413
6257414
6257415
6257416
6257417
6257418
6257419
6257420
6257421
6257422
6257423
6257424
6257425
6257426
6257427
6257428
6257429
6257430
6257431
6257432
6257433
6257434
6257435
6257436
6257437
6257438
6257439
6257440
6257441
6257442
6257443
6257444
6257445
6257447
6257448
6257449
6257450
