6258260
6258261
6258262
6258263
6258264
6258265
6258266
6258267
6258268
6258269
6258270
6258271
6258272
6258273
6258274
6258275
6258276
6258277
6258278
6258279
6258280
6258281
6258282
6258283
6258284
6258285
6258286
6258287
6258288
6258289
6258290
6258291
6258292
6258293
6258294
6258295
6258296
6258297
6258298
6258299
6258300
6258301
6258302
6258303
6258304
6258305
6258306
6258307
6258308
6258309
6258310
6258311
6258312
6258313
6258314
6258315
6258316
6258317
6258318
6258319
6258320
6258321
6258322
6258323
